4204
16331
31406
40488
51699
63147
65362
69843
78747
121934
123318
128153
136981
175736
187784
188488
199988
215868
228800
247700
266626
272631
345445
348638
362194
371842
372936
379403
381749
384450
391748
411361
413503
420604
433647
443815
454235
472386
492923
497816
499438
500559
513838
527387
531689
533607
553698
572165
576440
632129
635929
637985
658991
663673
668489
670106
692199
725613
731125
737324
752860
758914
765757
782285
786306
795481
802355
851685
866485
875842
889338
891600
895835
897683
908606
932931
947167
967421
969000
969457
984433
998230
1002489
1008865
1032981
1037518
1051867
1058933
1078644
1095774
1105766
1110090
1111704
1124467
1124608
1130011
1130078
1136616
1139849
1140056
1143734
1144609
1147779
1151745
1159088
1168599
1190775
1203409
1205341
1206414
1207363
1208665
1209513
1211305
1212693
1232027
1233484
1253132
1253173
1263696
1280047
1280148
1288443
1297084
1306404
1306878
1312850
1324535
1329272
1330377
1345753
1347812
1349519
1356842
1360343
1371123
1374482
1374838
1381784
1399817
1413307
1445800
1456138
1472393
1488474
1506464
1516103
1530354
1530561
1546676
1548705
1565648
1586223
1590253
1601711
1607928
1617019
1631206
1632522
1647770
1682011
1684930
1694229
1707025
1707141
1729308
1732795
1736070
1746643
1756148
1769819
1782177
1783521
1789949
1799834
1819324
1844275
1849334
1867919
1868652
1889507
1889749
1900071
1907336
1918205
1921776
1924146
1935847
1947508
1969649
1969827
1971904
1986937
2027597
2035770
2043429
2066214
2076954
2104612
2108089
2110061
2125353
2139074
2156300
2162253
2170984
2183657
2194209
2198367
2198515
2209397
2214249
2214749
2215021
2218967
2220012
2222043
2228432
2231942
2232521
2245788
2250224
2287631
2292356
2303085
2308447
2327765
2330029
2334906
2352088
2353051
2355316
2361012
2366740
2388488
2396167
2397298
2445079
2446230
2449827
2453625
2502824
2504646
2516593
2543199
2547936
2561207
2566431
2593260
2607525
2620702
2625246
2631728
2645582
2649011
2654752
2685535
2689820
2700452
2704678
2735083
2737846
2743049
2751193
2755796
2775775
2788917
2803580
2808944
2810882
2815554
2817206
2826222
2831054
2834305
2839533
2844044
2851322
2853512
2856652
2870188
2886929
2891394
2901119
2901301
2901468
2904975
2914640
2916378
2933423
2934630
2937818
2953269
2960351
2966400
2966857
2969160
2969791
2969982
2975298
2998264
3008541
3010586
3017210
3019677
3023820
3028637
3043034
3057781
3063990
3065958
3117382
3130895
3147983
3151740
3162373
3164987
3165510
3171757
3175512
3179693
3188917
3193640
3208796
3214326
3215276
3241219
3243699
3246288
3255136
3267732
3275421
3291389
3300699
3303199
3314574
3335273
3337754
3346463
3361442
3367095
3375111
3376269
3409184
3413958
3422768
3441361
3453508
3455917
3463178
3500251
3509216
3525922
3543086
3544338
3550760
3555677
3574294
3599077
3623420
3626295
3637901
3642986
3645512
3656859
3670896
3689698
3696299
3705344
3717550
3719162
3719366
3725744
3725746
3725837
3726630
3742290
3761502
3771025
3774959
3782493
3801045
3803632
3814604
3822711
3840777
3844069
3844577
3852413
3856767
3857344
3858714
3863235
3863877
3882115
3905679
3910488
3923501
3938853
3942138
3946848
3947861
3948401
3949961
3961791
3966847
3969435
3982032
3984384
3993721
3997001
4008013
4008288
4010141
4016621
4049914
4055378
4071135
4085235
4099777
4103872
4116039
4121570
4132818
4136761
4137592
4148215
4158229
4165519
4167340
4171264
4177708
4197288
4197675
4207947
4209182
4226682
4242157
4265647
4273814
4279012
4285404
4287073
4297392
4313269
4317969
4333587
4341492
4346562
4358372
4362436
4369479
4375272
4384200
4395841
4413843
4414827
4418436
4435735
4439398
4457800
4469397
4470352
4473604
4481304
4486282
4493701
4494943
4521906
4528429
4533832
4541045
4549192
4553243
4554839
4559064
4561528
4578706
4633133
4636296
4640441
4641504
4653973
4663162
4684198
4696513
4726688
4754626
4786506
4793645
4804458
4817072
4829259
4832349
4833280
4833517
4836826
4840569
4867950
4900798
4901186
4926807
4932508
4940386
4957215
4963926
4979108
4990280
4990366
4995089
4996347
5025983
5031986
5036322
5063395
5068397
5069491
5075870
5076561
5092217
5097584
5108394
5126293
5142345
5147801
5149968
5162748
5173309
5174377
5175332
5207969
5236097
5241290
5243641
5249945
5257469
5269307
5296737
5332350
5350827
5376079
5385377
5394801
5396080
5433240
5454397
5470574
5471416
5479950
5496705
5497839
5498063
5500318
5515578
5525297
5525862
5532289
5550687
5568829
5578562
5583328
5585176
5597270
5645023
5652675
5675327
5682287
5686427
5690491
5697768
5701420
5706572
5728916
5730751
5749428
5757044
5757526
5758592
5759156
5761565
5762110
5766321
5792209
5793006
5801736
5803779
5811925
5818081
5821782
5842068
5847804
5853088
5854208
5856856
5875709
5880777
5889179
5898172
5904482
5920135
5937807
5982346
5982924
5988237
6015677
6016892
6025389
6036288
6068999
6090248
6096837
6110622
6119425
6122128
6135008
6140581
6140858
6142805
6158120
6168010
6184251
6186055
6192177
6193444
6193708
6206703
6208195
6209040
6214682
6222068
6228118
6237666
6239558
6258123
6280058
6290834
6328338
6350284
6368516
6385772
6386204
6401160
6405628
6407989
6408774
6442253
6450170
6452435
6455491
6456765
6468258
6470768
6478444
6487739
6520134
6526909
6532035
6543953
6555870
6559710
6561795
6592057
6599857
6603649
6614308
6620285
6633560
6649383
6650453
6653418
6669380
6670554
6686422
6692102
6697850
6710529
6720782
6735974
6737336
6741142
6744702
6750297
6753328
6782563
6787726
6788721
6793078
6812813
6822858
6835094
6836701
6860350
6862706
6863061
6867297
6870896
6883492
6910755
6913224
6914707
6919598
6924280
6927082
6928472
6928610
6931235
6937318
6942877
6944375
6955603
6956205
6956816
6962596
6971830
6974340
6978669
6982645
6994387
6994788
6996504
6998076
7009782
7010012
7016521
7030164
7052095
7076367
7085554
7088450
7097177
7121646
7141497
7157260
7161911
7166870
7179240
7181454
7215554
7241851
7242512
7243451
7245274
7246637
7256941
7259397
7274947
7276558
7308738
7342075
7358182
7361527
7371108
7386010
7396216
7405089
7412942
7423535
7451220
7468062
7468884
7477353
7489341
7499919
7502097
7518483
7543886
7544433
7548098
7557844
7560909
7562439
7563900
7575531
7580839
7584215
7591637
7624415
7625012
7634141
7638830
7639918
7641490
7642261
7656932
7685750
7698102
7703996
7717876
7719851
7734680
7736551
7757512
7758359
7759925
7765316
7800265
7800778
7802272
7808492
7816671
7822374
7826356
7852698
7903471
7905438
7916394
7935792
7938702
7956828
7967883
8011417
8013322
8032813
8035110
8044524
8048258
8049138
8050118
8051492
8072934
8090549
8104581
8114748
8136272
8167251
8181864
8182024
8188325
8189868
8194922
8195271
8200897
8201857
8223343
8225923
8227329
8229079
8248026
8253276
8261091
8278426
8289441
8295566
8319118
8326697
8326940
8327037
8336170
8360030
8362216
8373950
8377380
8380288
8385863
8395821
8438507
8439713
8444013
8448622
8469268
8477281
8485607
8494568
8503270
8507984
8509710
8517532
8517578
8529150
8532938
8547292
8550481
8561462
8566009
8569467
8574421
8585446
8589981
8604193
8608893
8611706
8617883
8635474
8636853
8639955
8668525
8704178
8705355
8726341
8759641
8771325
8776694
8791315
8795940
8817562
8832888
8840863
8841491
8841700
8846395
8849532
8856114
8869170
8882767
8885780
8903427
8905851
8909173
8915213
8932060
8962211
8972271
8979251
8984025
8996821
9002830
9004955
9007644
9028796
9039827
9043934
9050984
9060979
9063844
9067932
9077088
9084954
9089401
9101886
9113099
9119029
9119386
9131759
9132881
9153464
9162591
9163486
9179188
9189123
9195961
9206897
9216970
9221471
9243936
9245866
9267243
9267442
9268816
9289056
9290150
9293072
9303299
9311231
9330910
9331914
9334799
9344536
9352669
9354900
9358582
9376981
9398719
9399696
9401868
9404088
9405262
9424615
9431037
9438380
9455167
9460752
9482441
9484627
9521389
9541534
9561253
9570108
9574976
9578368
9586441
9586737
9603531
9603608
9630406
9630498
9641945
9642469
9644196
9675368
9678660
9679411
9682708
9687377
9690317
9702675
9703810
9710051
9714607
9738168
9738996
9760609
9778935
9786093
9791415
9792142
9797944
9798408
9798973
9823843
9858234
9866292
9907741
9911157
9912684
9914143
9927666
9928024
9936746
9954317
9957112
9962507
9964116
9978867
9995246